   Press      Temp         CO2         O2           O3          CO         SO2         OCS          N2    
3.58500e-04 1.73500e+02 5.00000e-03 2.44300e-02 8.84900e-06 3.09600e-03 3.72200e-12 4.24800e-26 9.67465e-01
5.17945e-04 1.73500e+02 5.00000e-03 3.11902e-02 1.23424e-05 2.99834e-03 5.19512e-12 3.55668e-26 9.60799e-01
7.48304e-04 1.73500e+02 5.00000e-03 4.81044e-02 1.89923e-05 2.79029e-03 8.90295e-12 2.39928e-26 9.44086e-01
1.08112e-03 1.73500e+02 5.00000e-03 7.83319e-02 2.85274e-05 2.50746e-03 1.57181e-11 1.41034e-26 9.14132e-01
1.56195e-03 1.73500e+02 5.00000e-03 1.28037e-01 4.13767e-05 2.17739e-03 2.73073e-11 7.68496e-27 8.64744e-01
2.25664e-03 1.73500e+02 5.00000e-03 2.05285e-01 5.79534e-05 1.82307e-03 4.60291e-11 4.04672e-27 7.87833e-01
3.26029e-03 1.73500e+02 5.00000e-03 3.14990e-01 7.82434e-05 1.46905e-03 7.44004e-11 2.12873e-27 6.78463e-01
4.71032e-03 1.73500e+02 5.00000e-03 4.47853e-01 1.01454e-04 1.14429e-03 1.13774e-10 1.17264e-27 5.45901e-01
6.80526e-03 1.73500e+02 5.00000e-03 5.80232e-01 1.26269e-04 8.69008e-04 1.62955e-10 6.85261e-28 4.13773e-01
9.83194e-03 1.73500e+02 5.00000e-03 6.92756e-01 1.50887e-04 6.47172e-04 2.17654e-10 4.10240e-28 3.01446e-01
1.42048e-02 1.73500e+02 5.00000e-03 7.79965e-01 1.73961e-04 4.74152e-04 2.69834e-10 2.36610e-28 2.14387e-01
2.05224e-02 1.73500e+02 5.00000e-03 8.43436e-01 1.94237e-04 3.43023e-04 3.10172e-10 1.26992e-28 1.51027e-01
2.96499e-02 1.73500e+02 5.00000e-03 8.86845e-01 2.09245e-04 2.47128e-04 3.33791e-10 6.56634e-29 1.07699e-01
4.28368e-02 1.73500e+02 5.00000e-03 9.14297e-01 2.14032e-04 1.79227e-04 3.44312e-10 3.73623e-29 8.03099e-02
6.18887e-02 1.73500e+02 5.00000e-03 9.30956e-01 2.07505e-04 1.30804e-04 3.48463e-10 2.69304e-29 6.37055e-02
8.94141e-02 1.73500e+02 5.00000e-03 9.40330e-01 1.94632e-04 9.57416e-05 3.50439e-10 2.67434e-29 5.43798e-02
1.29182e-01 1.74246e+02 5.00000e-03 9.45245e-01 1.77976e-04 7.03361e-05 3.51499e-10 3.78980e-29 4.95067e-02
1.86636e-01 1.75099e+02 5.00000e-03 9.47636e-01 1.59271e-04 5.16288e-05 3.52134e-10 6.81256e-29 4.71534e-02
2.69643e-01 1.74968e+02 5.00000e-03 9.48653e-01 1.40232e-04 3.80726e-05 3.52484e-10 1.19808e-28 4.61691e-02
3.89568e-01 1.76103e+02 5.00000e-03 9.49203e-01 1.22147e-04 2.81471e-05 3.52803e-10 1.82253e-28 4.56468e-02
5.62831e-01 1.76200e+02 5.00000e-03 9.49500e-01 1.06140e-04 2.09275e-05 3.53021e-10 2.38811e-28 4.53729e-02
8.13154e-01 1.76100e+02 5.00000e-03 9.49639e-01 9.22756e-05 1.56464e-05 3.53200e-10 2.77742e-28 4.52530e-02
1.17481e+00 1.76258e+02 5.00000e-03 9.49700e-01 8.04158e-05 1.17806e-05 3.53400e-10 2.96744e-28 4.52078e-02
1.69731e+00 1.76577e+02 5.00000e-03 9.49777e-01 7.02565e-05 8.94384e-06 3.53577e-10 2.99054e-28 4.51439e-02
2.45220e+00 1.77194e+02 5.00000e-03 9.49800e-01 6.15451e-05 6.84709e-06 3.53700e-10 2.89123e-28 4.51316e-02
3.54283e+00 1.77834e+02 5.00000e-03 9.49800e-01 5.41467e-05 5.30520e-06 3.53817e-10 2.71073e-28 4.51405e-02
5.11853e+00 1.78476e+02 5.00000e-03 9.49800e-01 4.78166e-05 4.15146e-06 3.53900e-10 2.48230e-28 4.51480e-02
7.39502e+00 1.78960e+02 5.00000e-03 9.49800e-01 4.24177e-05 3.28166e-06 3.54000e-10 2.23088e-28 4.51543e-02
1.06840e+01 1.79284e+02 5.00000e-03 9.49900e-01 3.78022e-05 2.62187e-06 3.54084e-10 1.97076e-28 4.50596e-02
1.54358e+01 1.79507e+02 5.00000e-03 9.49900e-01 3.38788e-05 2.11933e-06 3.54100e-10 1.71847e-28 4.50640e-02
2.23009e+01 1.79630e+02 5.00000e-03 9.49900e-01 3.05305e-05 1.73364e-06 3.54200e-10 1.48159e-28 4.50677e-02
3.22194e+01 1.79754e+02 5.00000e-03 9.49900e-01 2.76148e-05 1.42955e-06 3.54254e-10 1.26273e-28 4.50710e-02
4.65491e+01 1.79978e+02 5.00000e-03 9.49900e-01 2.50227e-05 1.18648e-06 3.54300e-10 1.06601e-28 4.50738e-02
6.72521e+01 1.80200e+02 5.00000e-03 9.49900e-01 2.26042e-05 9.88707e-07 3.54400e-10 8.90802e-29 4.50764e-02
9.71629e+01 1.80425e+02 5.00000e-03 9.49900e-01 2.03543e-05 8.29091e-07 3.54500e-10 7.41651e-29 4.50788e-02
1.40377e+02 1.80600e+02 5.00000e-03 9.49950e-01 1.81780e-05 6.96869e-07 3.54550e-10 6.14663e-29 4.50316e-02
2.02810e+02 1.80774e+02 5.00000e-03 9.50000e-01 1.60907e-05 5.87835e-07 3.54674e-10 5.08806e-29 4.49833e-02
2.93011e+02 1.81001e+02 5.00000e-03 9.50000e-01 1.40782e-05 4.96923e-07 3.54800e-10 4.20425e-29 4.49854e-02
4.23329e+02 1.81673e+02 5.00000e-03 9.50000e-01 1.22502e-05 4.23202e-07 3.54900e-10 3.48849e-29 4.49873e-02
6.11607e+02 1.82856e+02 5.00000e-03 9.50000e-01 1.05596e-05 3.61410e-07 3.55051e-10 2.88916e-29 4.49891e-02
8.83623e+02 1.84505e+02 5.00000e-03 9.50000e-01 9.03248e-06 3.09497e-07 3.55281e-10 2.38602e-29 4.49907e-02
1.27662e+03 1.86581e+02 5.00000e-03 9.50000e-01 7.65934e-06 2.65528e-07 3.55413e-10 1.96081e-29 4.49921e-02
1.84440e+03 1.88894e+02 5.00000e-03 9.50000e-01 6.46711e-06 2.29029e-07 3.55700e-10 1.60726e-29 4.49933e-02
2.66471e+03 1.91433e+02 5.00000e-03 9.50000e-01 5.44005e-06 1.98684e-07 3.55990e-10 1.31465e-29 4.49944e-02
3.84986e+03 1.94077e+02 5.00000e-03 9.50000e-01 4.54684e-06 1.73277e-07 3.56335e-10 1.06881e-29 4.49953e-02
5.56211e+03 1.96778e+02 5.00000e-03 9.50000e-01 3.77400e-06 1.51888e-07 3.56685e-10 8.63136e-30 4.49961e-02
8.03589e+03 1.99568e+02 5.00000e-03 9.50000e-01 3.09146e-06 1.33462e-07 3.57138e-10 6.85409e-30 4.49968e-02
1.16099e+04 2.02386e+02 5.00000e-03 9.50000e-01 2.48288e-06 1.17277e-07 3.57698e-10 5.29135e-30 4.49974e-02
1.67735e+04 2.05129e+02 5.00000e-03 9.50000e-01 1.93636e-06 1.02871e-07 3.58523e-10 3.90315e-30 4.49980e-02
2.42336e+04 2.07910e+02 5.00000e-03 9.50000e-01 1.44747e-06 8.99559e-08 3.59590e-10 2.66018e-30 4.49985e-02
3.50116e+04 2.10630e+02 5.00000e-03 9.50000e-01 1.02596e-06 7.88136e-08 3.49865e-10 1.58678e-30 4.49989e-02
5.05832e+04 2.13371e+02 5.00000e-03 9.50000e-01 7.10969e-07 7.05052e-08 2.85849e-10 7.85175e-31 4.49992e-02
7.30803e+04 2.15945e+02 5.00000e-03 9.50000e-01 5.18167e-07 6.53919e-08 1.74612e-10 2.90617e-31 4.49994e-02
1.05583e+05 2.18605e+02 5.00000e-03 9.50000e-01 4.34223e-07 6.31529e-08 7.86275e-11 7.31919e-32 4.49995e-02
1.52542e+05 2.21252e+02 5.00000e-03 9.50000e-01 4.15713e-07 6.26532e-08 4.27992e-11 2.46424e-32 4.49995e-02
2.20386e+05 2.23966e+02 5.00000e-03 9.50000e-01 4.12172e-07 6.25624e-08 3.24189e-11 1.56533e-32 4.49995e-02
3.18404e+05 2.26910e+02 5.00000e-03 9.50000e-01 4.09806e-07 6.25061e-08 2.34677e-11 1.00204e-32 4.49995e-02
4.60016e+05 2.30247e+02 5.00000e-03 9.50000e-01 4.08021e-07 6.24655e-08 1.54400e-11 6.01995e-33 4.49995e-02
6.64611e+05 2.40003e+02 5.00000e-03 9.50000e-01 4.06615e-07 6.24400e-08 8.52680e-12 3.10440e-33 4.49995e-02
9.60200e+05 2.56400e+02 5.00000e-03 9.50000e-01 4.05700e-07 6.24200e-08 2.48200e-12 8.75600e-34 4.49995e-02
