   Press       Temp        H2O         CH4         CO2          O2          O3         CO          H2CO        HNO3        NO2          SO2        OCS          N2   
8.52800e-04 1.87100e+02 1.10700e-07 5.52000e-06 5.00000e-02 2.11100e-03 6.03900e-11 4.49400e-02 1.63700e-08 1.14100e-20 1.79100e-18 8.17600e-11 7.22600e-22 9.02943e-01
1.16801e-03 1.87100e+02 1.42906e-07 6.83490e-06 5.00000e-02 2.68617e-03 1.04733e-10 4.39659e-02 1.50817e-08 1.44079e-20 2.52774e-18 1.10122e-10 6.05097e-22 9.03341e-01
1.59972e-03 1.87100e+02 2.26609e-07 1.01467e-05 5.00000e-02 4.15193e-03 2.19834e-10 4.18334e-02 1.66792e-08 2.32655e-20 4.13658e-18 1.79637e-10 4.08247e-22 9.04004e-01
2.19099e-03 1.87100e+02 3.84060e-07 1.60806e-05 5.00000e-02 6.81798e-03 4.86117e-10 3.88632e-02 2.00256e-08 4.35480e-20 7.48491e-18 3.02796e-10 2.41885e-22 9.04302e-01
3.00081e-03 1.87100e+02 6.63780e-07 2.59859e-05 5.00000e-02 1.13288e-02 1.07583e-09 3.52992e-02 2.50780e-08 9.17422e-20 1.45295e-17 5.05241e-10 1.34009e-22 9.03345e-01
4.10995e-03 1.87100e+02 1.15779e-06 4.23334e-05 5.00000e-02 1.87444e-02 2.33328e-09 3.13371e-02 3.25573e-08 2.18376e-19 2.94134e-17 8.24256e-10 7.17811e-23 8.99875e-01
5.62903e-03 1.87100e+02 2.03217e-06 6.92407e-05 5.00000e-02 3.05439e-02 4.86421e-09 2.71380e-02 4.37508e-08 5.91473e-19 5.96208e-17 1.30442e-09 3.77971e-23 8.92247e-01
7.70960e-03 1.87100e+02 3.58500e-06 1.13509e-04 5.00000e-02 4.83076e-02 9.49465e-09 2.28819e-02 5.98749e-08 1.82696e-18 1.13332e-16 1.98801e-09 1.98553e-23 8.78693e-01
1.05592e-02 1.87100e+02 6.28328e-06 1.85081e-04 5.00000e-02 7.25340e-02 1.67415e-08 1.88000e-02 7.98492e-08 6.42075e-18 1.84619e-16 2.88982e-09 1.07169e-23 8.58474e-01
1.44620e-02 1.87100e+02 1.07024e-05 2.96218e-04 5.00000e-02 1.00996e-01 2.59600e-08 1.50786e-02 9.93114e-08 2.49884e-17 2.49986e-16 3.98369e-09 6.13835e-24 8.33618e-01
1.98073e-02 1.87100e+02 1.71933e-05 4.55063e-04 5.00000e-02 1.28987e-01 3.54652e-08 1.18789e-02 1.14763e-07 1.01402e-16 3.27692e-16 5.18825e-09 3.79469e-24 8.08661e-01
2.71283e-02 1.87100e+02 2.57038e-05 6.62549e-04 5.00000e-02 1.53048e-01 4.43628e-08 9.21316e-03 1.21086e-07 4.12344e-16 4.88222e-16 6.40301e-09 2.47765e-24 7.87050e-01
3.71553e-02 1.87100e+02 3.56876e-05 9.06373e-04 5.00000e-02 1.72036e-01 5.28954e-08 7.04711e-03 1.08089e-07 1.61738e-15 8.01032e-16 7.50031e-09 1.66442e-24 7.69975e-01
5.08884e-02 1.87100e+02 4.60827e-05 1.15975e-03 5.00000e-02 1.86218e-01 6.18088e-08 5.32265e-03 7.47777e-08 5.92733e-15 1.40340e-15 8.35228e-09 1.17656e-24 7.57254e-01
6.96973e-02 1.87100e+02 5.59232e-05 1.39716e-03 5.00000e-02 1.96301e-01 7.05710e-08 3.95480e-03 3.72734e-08 2.01327e-14 2.66524e-15 8.90968e-09 1.12677e-24 7.48291e-01
9.54584e-02 1.87100e+02 6.44537e-05 1.59785e-03 5.00000e-02 2.03004e-01 7.63069e-08 2.88557e-03 1.24580e-08 6.12260e-14 5.51650e-15 9.21983e-09 3.64826e-24 7.42448e-01
1.30741e-01 1.87100e+02 7.14085e-05 1.75464e-03 5.00000e-02 2.07055e-01 7.37894e-08 2.06749e-03 3.01115e-09 1.60533e-13 1.27338e-14 9.40325e-09 2.54854e-23 7.39051e-01
1.79065e-01 1.87100e+02 7.69485e-05 1.87579e-03 5.00000e-02 2.09070e-01 5.73574e-08 1.44516e-03 1.14909e-09 3.50388e-13 3.78183e-14 9.58076e-09 1.32926e-22 7.37532e-01
2.45249e-01 1.87100e+02 8.12024e-05 1.96826e-03 5.00000e-02 2.09829e-01 2.59992e-08 9.70441e-04 6.43022e-09 6.29600e-13 1.86760e-13 9.81008e-09 4.01533e-22 7.37151e-01
3.35896e-01 1.87100e+02 8.32139e-05 2.03907e-03 5.00000e-02 2.09900e-01 1.22379e-09 6.24686e-04 3.24616e-08 9.95933e-13 1.67268e-11 9.96021e-09 7.36580e-22 7.37353e-01
4.60048e-01 1.87100e+02 7.77745e-05 2.09374e-03 5.00000e-02 2.09900e-01 5.71914e-09 4.41939e-04 3.64432e-08 1.65845e-12 1.55322e-10 9.93274e-09 1.01729e-21 7.37486e-01
6.30087e-01 1.87100e+02 7.15763e-05 2.13653e-03 5.00000e-02 2.09800e-01 2.55001e-08 3.26462e-04 3.76346e-08 2.49845e-12 1.76303e-10 9.91363e-09 1.24081e-21 7.37665e-01
8.62976e-01 1.87100e+02 6.67135e-05 2.16866e-03 5.00000e-02 2.09800e-01 5.09196e-08 2.44121e-04 3.84751e-08 3.56703e-12 2.33339e-10 9.92296e-09 1.42198e-21 7.37720e-01
1.18194e+00 1.87100e+02 6.28776e-05 2.19396e-03 5.00000e-02 2.09800e-01 9.30278e-08 1.85718e-04 3.92059e-08 4.99846e-12 3.04514e-10 9.93356e-09 1.57133e-21 7.37757e-01
1.61880e+00 1.87100e+02 5.97906e-05 2.21380e-03 5.00000e-02 2.09800e-01 1.60567e-07 1.44586e-04 3.99220e-08 6.95765e-12 3.81251e-10 9.94487e-09 1.69870e-21 7.37782e-01
2.21713e+00 1.87100e+02 5.72492e-05 2.22934e-03 5.00000e-02 2.09800e-01 2.59064e-07 1.16419e-04 4.07199e-08 9.64464e-12 4.69652e-10 9.95627e-09 1.81033e-21 7.37797e-01
3.03661e+00 1.87100e+02 5.50821e-05 2.24167e-03 5.00000e-02 2.09800e-01 3.91896e-07 9.75526e-05 4.17041e-08 1.33094e-11 5.82617e-10 9.96884e-09 1.91240e-21 7.37805e-01
4.15899e+00 1.87100e+02 5.31866e-05 2.25181e-03 5.00000e-02 2.09800e-01 5.60316e-07 8.54169e-05 4.30680e-08 1.82405e-11 7.35670e-10 9.98335e-09 2.00934e-21 7.37809e-01
5.69620e+00 1.87100e+02 5.14741e-05 2.25911e-03 5.00000e-02 2.09900e-01 7.65057e-07 7.82750e-05 4.51652e-08 2.46685e-11 9.42705e-10 9.99874e-09 2.10446e-21 7.37710e-01
7.80159e+00 1.87100e+02 4.98851e-05 2.26594e-03 5.00000e-02 2.09900e-01 1.00589e-06 7.47893e-05 4.87683e-08 3.26744e-11 1.21351e-09 1.00200e-08 2.20204e-21 7.37708e-01
1.06852e+01 1.87271e+02 4.83866e-05 2.27114e-03 5.00000e-02 2.09900e-01 1.27469e-06 7.39699e-05 5.56616e-08 4.20941e-11 1.55164e-09 1.00457e-08 2.30494e-21 7.37705e-01
1.46345e+01 1.89522e+02 4.69254e-05 2.27538e-03 5.00000e-02 2.09900e-01 1.55654e-06 7.50537e-05 6.87368e-08 5.26611e-11 1.93678e-09 1.00769e-08 2.41824e-21 7.37701e-01
2.00436e+01 1.92841e+02 4.54480e-05 2.27886e-03 5.00000e-02 2.09900e-01 1.85596e-06 7.75640e-05 8.88411e-08 6.43558e-11 2.37973e-09 1.01086e-08 2.54963e-21 7.37696e-01
2.74520e+01 1.96377e+02 4.38710e-05 2.28308e-03 5.00000e-02 2.09900e-01 2.18957e-06 8.11895e-05 1.15612e-07 7.75445e-11 2.90355e-09 1.01608e-08 2.70829e-21 7.37690e-01
3.75986e+01 1.99238e+02 4.21562e-05 2.28634e-03 5.00000e-02 2.09900e-01 2.57724e-06 8.56736e-05 1.47003e-07 9.21551e-11 3.49459e-09 1.02068e-08 2.90346e-21 7.37683e-01
5.14956e+01 2.00894e+02 4.02614e-05 2.28865e-03 5.00000e-02 2.09900e-01 3.05434e-06 9.08787e-05 1.81366e-07 1.07020e-10 4.03574e-09 1.02730e-08 3.14747e-21 7.37677e-01
7.05290e+01 2.01697e+02 3.81912e-05 2.29198e-03 5.00000e-02 2.09900e-01 3.63079e-06 9.65693e-05 2.16517e-07 1.18153e-10 4.29444e-09 1.03397e-08 3.44633e-21 7.37669e-01
9.65974e+01 2.02493e+02 3.59309e-05 2.29431e-03 5.00000e-02 2.09900e-01 4.28341e-06 1.02686e-04 2.49215e-07 1.20691e-10 4.08449e-09 1.04293e-08 3.81857e-21 7.37663e-01
1.32301e+02 2.04097e+02 3.35007e-05 2.29766e-03 5.00000e-02 2.09900e-01 4.91606e-06 1.09156e-04 2.72706e-07 1.12753e-10 3.45922e-09 1.05398e-08 4.27154e-21 7.37654e-01
1.81201e+02 2.06541e+02 3.09301e-05 2.30005e-03 5.00000e-02 2.09900e-01 5.40823e-06 1.15804e-04 2.79822e-07 9.71060e-11 2.63741e-09 1.06721e-08 4.82143e-21 7.37648e-01
2.48175e+02 2.09082e+02 2.82979e-05 2.30247e-03 5.00000e-02 2.09900e-01 5.64035e-06 1.22641e-04 2.68560e-07 7.92098e-11 1.85712e-09 1.08135e-08 5.47735e-21 7.37641e-01
3.39904e+02 2.11366e+02 2.56041e-05 2.30494e-03 5.00000e-02 2.09900e-01 5.55455e-06 1.29685e-04 2.44741e-07 6.31323e-11 1.23111e-09 1.09771e-08 6.24765e-21 7.37634e-01
4.65537e+02 2.13704e+02 2.30076e-05 2.30743e-03 5.00000e-02 2.09900e-01 5.14588e-06 1.36524e-04 2.17016e-07 5.12985e-11 7.89008e-10 1.11417e-08 7.10421e-21 7.37628e-01
6.37606e+02 2.16487e+02 2.05511e-05 2.30998e-03 5.00000e-02 2.09900e-01 4.49434e-06 1.43170e-04 1.91014e-07 4.39560e-11 4.87782e-10 1.12893e-08 8.02567e-21 7.37622e-01
8.73273e+02 2.19392e+02 1.82330e-05 2.31156e-03 5.00000e-02 2.10000e-01 3.69714e-06 1.49652e-04 1.68497e-07 4.11681e-11 2.93363e-10 1.13600e-08 8.99949e-21 7.37517e-01
1.19605e+03 2.21989e+02 1.60722e-05 2.31319e-03 5.00000e-02 2.10000e-01 2.86883e-06 1.55821e-04 1.48817e-07 4.25648e-11 1.76418e-10 1.13005e-08 1.00005e-20 7.37512e-01
1.63812e+03 2.25861e+02 1.40080e-05 2.31500e-03 5.00000e-02 2.10000e-01 2.08245e-06 1.61898e-04 1.30030e-07 4.77508e-11 1.32879e-10 1.10139e-08 1.10347e-20 7.37507e-01
2.24359e+03 2.29809e+02 1.20174e-05 2.31700e-03 5.00000e-02 2.10000e-01 1.40941e-06 1.67974e-04 1.10192e-07 5.53263e-11 1.69541e-10 1.04022e-08 1.21065e-20 7.37501e-01
3.07285e+03 2.33713e+02 1.00503e-05 2.31841e-03 5.00000e-02 2.10000e-01 8.76726e-07 1.73960e-04 8.79696e-08 6.25768e-11 3.07254e-10 9.37861e-09 1.31997e-20 7.37497e-01
4.20861e+03 2.37351e+02 8.12897e-06 2.32028e-03 5.00000e-02 2.10000e-01 4.95228e-07 1.80019e-04 6.38493e-08 6.50280e-11 5.80289e-10 7.92505e-09 1.43082e-20 7.37491e-01
5.76417e+03 2.40640e+02 6.33705e-06 2.32200e-03 5.00000e-02 2.10000e-01 2.51784e-07 1.85760e-04 4.00460e-08 5.78348e-11 1.00829e-09 6.08481e-09 1.53361e-20 7.37486e-01
7.89468e+03 2.42749e+02 4.90906e-06 2.32300e-03 5.00000e-02 2.10000e-01 1.18628e-07 1.90264e-04 2.05758e-08 4.06879e-11 1.59857e-09 3.93155e-09 1.61145e-20 7.37482e-01
1.08127e+04 2.43215e+02 4.01899e-06 2.32400e-03 5.00000e-02 2.10000e-01 5.01073e-08 1.93175e-04 7.80896e-09 2.06266e-11 2.89769e-09 1.93584e-09 1.65706e-20 7.37479e-01
1.48091e+04 2.42626e+02 3.65169e-06 2.32400e-03 5.00000e-02 2.10000e-01 1.85437e-08 1.94325e-04 2.03880e-09 6.94445e-12 4.82517e-09 7.56941e-10 1.67425e-20 7.37478e-01
2.02828e+04 2.39206e+02 5.62880e-06 2.32400e-03 5.00000e-02 2.10000e-01 1.05647e-08 1.94600e-04 7.23228e-10 2.69380e-12 5.02124e-09 4.16235e-10 1.67800e-20 7.37476e-01
2.77796e+04 2.34749e+02 3.16172e-05 2.32400e-03 5.00000e-02 2.10000e-01 8.57692e-09 1.94695e-04 4.38961e-10 1.67077e-12 4.89621e-09 3.15020e-10 1.67800e-20 7.37450e-01
3.80473e+04 2.34962e+02 1.10935e-04 2.32400e-03 5.00000e-02 2.10000e-01 7.22004e-09 1.94700e-04 2.64394e-10 1.04841e-12 4.94224e-09 2.29285e-10 1.67900e-20 7.37370e-01
5.21100e+04 2.41220e+02 2.39658e-04 2.32400e-03 5.00000e-02 2.10000e-01 6.27781e-09 1.94700e-04 1.54925e-10 6.70323e-13 5.25325e-09 1.53749e-10 1.67900e-20 7.37242e-01
7.13705e+04 2.55479e+02 1.01296e-03 2.32400e-03 5.00000e-02 2.10000e-01 5.66546e-09 1.94700e-04 9.17889e-11 4.59823e-13 5.88070e-09 8.68353e-11 1.68000e-20 7.36468e-01
9.77500e+04 2.72400e+02 4.46500e-03 2.32400e-03 5.00000e-02 2.10000e-01 5.05300e-09 1.94800e-04 6.15600e-11 3.48800e-13 6.30800e-09 2.56200e-11 1.68000e-20 7.33016e-01
