   Press      Temp       H2O      CH4      CO2       O2       O3       CO     H2CO    HNO3     NO2     SO2      N2O      N2    
3.98800e-02 1.99500e+02 5.01400e-07 1.70500e-08 2.80000e-04 1.86900e-01 5.63500e-07 9.67800e-06 5.50700e-12 1.38600e-25 2.61200e-16 3.51300e-19 2.19600e-10 8.12809e-01
5.11790e-02 1.99500e+02 5.90009e-07 1.92149e-08 2.80000e-04 1.90507e-01 7.55653e-07 8.77110e-06 2.72398e-12 4.31503e-25 3.81439e-16 4.33650e-19 2.26014e-10 8.09203e-01
6.56792e-02 1.99500e+02 7.57179e-07 2.29316e-08 2.80000e-04 1.95113e-01 9.23015e-07 7.36382e-06 1.48734e-12 1.81799e-24 5.82307e-16 5.40913e-19 2.37441e-10 8.04598e-01
8.42877e-02 1.99500e+02 9.71039e-07 2.69033e-08 2.80000e-04 1.99313e-01 1.05235e-06 5.95340e-06 6.98145e-13 8.19764e-24 9.21098e-16 6.49180e-19 2.52260e-10 8.00399e-01
1.08168e-01 1.99500e+02 1.21765e-06 3.04477e-08 2.80000e-04 2.02707e-01 1.13310e-06 4.73539e-06 2.94610e-13 3.95792e-23 1.50404e-15 7.55760e-19 2.69546e-10 7.97006e-01
1.38815e-01 1.99500e+02 1.49597e-06 3.33881e-08 2.80000e-04 2.05207e-01 1.15292e-06 3.74328e-06 1.62094e-13 2.08842e-22 2.52772e-15 8.61639e-19 2.88966e-10 7.94507e-01
1.78145e-01 1.99500e+02 1.81208e-06 3.57263e-08 2.80000e-04 2.07005e-01 1.10470e-06 2.95288e-06 1.51961e-13 1.20530e-21 4.34732e-15 9.67834e-19 3.10370e-10 7.92709e-01
2.28617e-01 1.99500e+02 2.17278e-06 3.75831e-08 2.80000e-04 2.08302e-01 9.84575e-07 2.32394e-06 1.76765e-13 7.51446e-21 7.64272e-15 1.07723e-18 3.33549e-10 7.91413e-01
2.93390e-01 1.99500e+02 2.58754e-06 3.90615e-08 2.80000e-04 2.09101e-01 8.02049e-07 1.82349e-06 2.11848e-13 4.95555e-20 1.38916e-14 1.19716e-18 3.58631e-10 7.90614e-01
3.76515e-01 1.99500e+02 3.06253e-06 4.02290e-08 2.80000e-04 2.09600e-01 5.81216e-07 1.42335e-06 2.55955e-13 3.34053e-19 2.70740e-14 1.34385e-18 3.85474e-10 7.90115e-01
4.83190e-01 1.99500e+02 3.60399e-06 4.11569e-08 2.80000e-04 2.09899e-01 3.57074e-07 1.10206e-06 3.13180e-13 2.24972e-18 5.64797e-14 1.55017e-18 4.14196e-10 7.89816e-01
6.20090e-01 1.99500e+02 4.21371e-06 4.18855e-08 2.80000e-04 2.09998e-01 1.68946e-07 8.44324e-07 3.82798e-13 1.48973e-17 1.22560e-13 1.87542e-18 4.44789e-10 7.89717e-01
7.95776e-01 1.99500e+02 4.87687e-06 4.24643e-08 2.80000e-04 2.10000e-01 5.77075e-08 6.38899e-07 4.97742e-13 9.11500e-17 7.15841e-13 2.31838e-18 4.77448e-10 7.89714e-01
1.02124e+00 1.99500e+02 5.50791e-06 4.29141e-08 2.80000e-04 2.10000e-01 3.97369e-08 4.81953e-07 6.31391e-13 2.85438e-16 2.10676e-12 2.51486e-18 5.12061e-10 7.89714e-01
1.31058e+00 2.01458e+02 6.06035e-06 4.32849e-08 2.80000e-04 2.10000e-01 4.97246e-08 3.65100e-07 7.53864e-13 4.96068e-16 2.37090e-12 2.57207e-18 5.49452e-10 7.89713e-01
1.68190e+00 2.04392e+02 6.59256e-06 4.35892e-08 2.80000e-04 2.10000e-01 5.74881e-08 2.74726e-07 9.25997e-13 8.86714e-16 2.94530e-12 2.63982e-18 5.91480e-10 7.89713e-01
2.15842e+00 2.07369e+02 7.10183e-06 4.38455e-08 2.80000e-04 2.10000e-01 6.73229e-08 2.05410e-07 1.12890e-12 1.53911e-15 3.57722e-12 2.69404e-18 6.39352e-10 7.89713e-01
2.76995e+00 2.10469e+02 7.57578e-06 4.40831e-08 2.80000e-04 2.10000e-01 8.04952e-08 1.53078e-07 1.35980e-12 2.55042e-15 4.22077e-12 2.73743e-18 6.94021e-10 7.89712e-01
3.55475e+00 2.13555e+02 8.00944e-06 4.42913e-08 2.80000e-04 2.10000e-01 9.79299e-08 1.13944e-07 1.62430e-12 4.06853e-15 4.88361e-12 2.77355e-18 7.56725e-10 7.89712e-01
4.56189e+00 2.17498e+02 8.39897e-06 4.44942e-08 2.80000e-04 2.10000e-01 1.19146e-07 8.50432e-08 1.96225e-12 6.22010e-15 5.56082e-12 2.80470e-18 8.29277e-10 7.89711e-01
5.85439e+00 2.21996e+02 8.74929e-06 4.46913e-08 2.80000e-04 2.10000e-01 1.45704e-07 6.36485e-08 2.37763e-12 9.23771e-15 6.27297e-12 2.83198e-18 9.14496e-10 7.89711e-01
7.51308e+00 2.26580e+02 9.05918e-06 4.49140e-08 2.80000e-04 2.10000e-01 1.80737e-07 4.80168e-08 2.85737e-12 1.34577e-14 7.03035e-12 2.85620e-18 1.01559e-09 7.89711e-01
9.64171e+00 2.31255e+02 9.33381e-06 4.51689e-08 2.80000e-04 2.10000e-01 2.27729e-07 3.66252e-08 3.40040e-12 1.92389e-14 7.84366e-12 2.87828e-18 1.13521e-09 7.89710e-01
1.23734e+01 2.36044e+02 9.57547e-06 4.54703e-08 2.80000e-04 2.10000e-01 2.92300e-07 2.83018e-08 4.00658e-12 2.71052e-14 8.75006e-12 2.90172e-18 1.28083e-09 7.89710e-01
1.58791e+01 2.40903e+02 9.78546e-06 4.58574e-08 2.80000e-04 2.10000e-01 3.83146e-07 2.23281e-08 4.66349e-12 3.78928e-14 9.84734e-12 2.92980e-18 1.45846e-09 7.89710e-01
2.03781e+01 2.45878e+02 9.96861e-06 4.63732e-08 2.80000e-04 2.10000e-01 5.14836e-07 1.79854e-08 5.36266e-12 5.37615e-14 1.14212e-11 2.96624e-18 1.67836e-09 7.89709e-01
2.61517e+01 2.50960e+02 1.01289e-05 4.70640e-08 2.80000e-04 2.10000e-01 7.07317e-07 1.48413e-08 6.09334e-12 8.02595e-14 1.41341e-11 3.01855e-18 1.95470e-09 7.89709e-01
3.35611e+01 2.56133e+02 1.02695e-05 4.80140e-08 2.80000e-04 2.10000e-01 9.81527e-07 1.25316e-08 6.87511e-12 1.33045e-13 1.95245e-11 3.09497e-18 2.31073e-09 7.89709e-01
4.30697e+01 2.61419e+02 1.03876e-05 4.93500e-08 2.80000e-04 2.10000e-01 1.33753e-06 1.07242e-08 7.80821e-12 2.53809e-13 3.06680e-11 3.20849e-18 2.77978e-09 7.89708e-01
5.52724e+01 2.66858e+02 1.04852e-05 5.12737e-08 2.80000e-04 2.10000e-01 1.73666e-06 9.18614e-09 9.07947e-12 5.59025e-13 5.36321e-11 3.38235e-18 3.41421e-09 7.89708e-01
7.09324e+01 2.70600e+02 1.05701e-05 5.41234e-08 2.80000e-04 2.10000e-01 2.18754e-06 7.77015e-09 1.08369e-11 1.44045e-12 1.00303e-10 3.65584e-18 4.30603e-09 7.89707e-01
9.10292e+01 2.70600e+02 1.06352e-05 5.83384e-08 2.80000e-04 2.10000e-01 2.79503e-06 6.47143e-09 1.31022e-11 4.23699e-12 1.94257e-10 4.10214e-18 5.57146e-09 7.89706e-01
1.16820e+02 2.69220e+02 1.06800e-05 6.45581e-08 2.80000e-04 2.10000e-01 3.60581e-06 5.36975e-09 1.60420e-11 1.36155e-11 3.91193e-10 4.87792e-18 7.41229e-09 7.89706e-01
1.49918e+02 2.63741e+02 1.07047e-05 7.34118e-08 2.80000e-04 2.10000e-01 4.88360e-06 4.53847e-09 1.90230e-11 4.61427e-11 8.06510e-10 6.30384e-18 1.00701e-08 7.89704e-01
1.92393e+02 2.58427e+02 1.07100e-05 8.53471e-08 2.80000e-04 2.10000e-01 6.40588e-06 4.04559e-09 2.15524e-11 1.42490e-10 1.66480e-09 9.09266e-18 1.38457e-08 7.89703e-01
2.46903e+02 2.53218e+02 1.06900e-05 1.00900e-07 2.80000e-04 2.10000e-01 7.77741e-06 3.80026e-09 2.29082e-11 3.61358e-10 3.11131e-09 1.49289e-17 1.92268e-08 7.89701e-01
3.16856e+02 2.48030e+02 1.06616e-05 1.19414e-07 2.80000e-04 2.10000e-01 8.60025e-06 3.64489e-09 2.30215e-11 7.46224e-10 4.83758e-09 2.71652e-17 2.65527e-08 7.89701e-01
4.06629e+02 2.43055e+02 1.06154e-05 1.40408e-07 2.80000e-04 2.10000e-01 8.89335e-06 3.45738e-09 2.24195e-11 1.37821e-09 6.36505e-09 5.42559e-17 3.62880e-08 7.89700e-01
5.21837e+02 2.38169e+02 1.05596e-05 1.63450e-07 2.80000e-04 2.10000e-01 8.88622e-06 3.22043e-09 2.12911e-11 2.38213e-09 7.37942e-09 1.17700e-16 4.86890e-08 7.89700e-01
6.69686e+02 2.33310e+02 1.05001e-05 1.87946e-07 2.80000e-04 2.10000e-01 8.69363e-06 2.97202e-09 1.96691e-11 3.85334e-09 7.62088e-09 2.87418e-16 6.38745e-08 7.89701e-01
8.59424e+02 2.28802e+02 1.04318e-05 2.13117e-07 2.80000e-04 2.10000e-01 8.23580e-06 2.76771e-09 1.75581e-11 5.63963e-09 7.07069e-09 7.66228e-16 8.11537e-08 7.89701e-01
1.10292e+03 2.27068e+02 1.03647e-05 2.38334e-07 2.80000e-04 2.10000e-01 7.36213e-06 2.65113e-09 1.58795e-11 7.29420e-09 6.09757e-09 2.26056e-15 9.97244e-08 7.89702e-01
1.41540e+03 2.25401e+02 1.02980e-05 2.64006e-07 2.80000e-04 2.10000e-01 6.24985e-06 2.57923e-09 1.38512e-11 8.53307e-09 4.88847e-09 7.18151e-15 1.19329e-07 7.89703e-01
1.81642e+03 2.23744e+02 1.02317e-05 2.89621e-07 2.80000e-04 2.10000e-01 5.05960e-06 2.52822e-09 1.16766e-11 9.10934e-09 3.78107e-09 2.36801e-14 1.38978e-07 7.89704e-01
2.33106e+03 2.22104e+02 1.01661e-05 3.15441e-07 2.80000e-04 2.10000e-01 3.91578e-06 2.49384e-09 9.59881e-12 8.94902e-09 2.92239e-09 8.50694e-14 1.58417e-07 7.89705e-01
2.99150e+03 2.20476e+02 1.01010e-05 3.41384e-07 2.80000e-04 2.10000e-01 2.93323e-06 2.48724e-09 7.75856e-12 8.19255e-09 2.29617e-09 3.29783e-13 1.77254e-07 7.89706e-01
3.83907e+03 2.18960e+02 1.00264e-05 3.67603e-07 2.80000e-04 2.10000e-01 2.13685e-06 2.54038e-09 6.21746e-12 7.02284e-09 1.80688e-09 1.40273e-12 1.95605e-07 7.89707e-01
4.92677e+03 2.17354e+02 9.96127e-06 3.94015e-07 2.80000e-04 2.10000e-01 1.50909e-06 2.72705e-09 4.98175e-12 5.60651e-09 1.37802e-09 6.73054e-12 2.13218e-07 7.89708e-01
6.32264e+03 2.16800e+02 9.89533e-06 4.19928e-07 2.80000e-04 2.10000e-01 1.01942e-06 3.20764e-09 4.23159e-12 4.12202e-09 9.72731e-10 3.28341e-11 2.29690e-07 7.89708e-01
8.11399e+03 2.16800e+02 9.83359e-06 4.43963e-07 2.80000e-04 2.10000e-01 6.37820e-07 4.25436e-09 3.81893e-12 2.70071e-09 6.00590e-10 6.31799e-11 2.44337e-07 7.89709e-01
1.04129e+04 2.16800e+02 9.78280e-06 4.64034e-07 2.80000e-04 2.10000e-01 3.57128e-07 6.24621e-09 3.65367e-12 1.51095e-09 3.06923e-10 7.20209e-11 2.55872e-07 7.89709e-01
1.33631e+04 2.16800e+02 9.74743e-06 4.78264e-07 2.80000e-04 2.10000e-01 1.74339e-07 9.41821e-09 3.83320e-12 6.96052e-10 1.22562e-10 6.39181e-11 2.63513e-07 7.89709e-01
1.71492e+04 2.16800e+02 9.72679e-06 4.86564e-07 2.80000e-04 2.10000e-01 7.46700e-08 1.34749e-08 4.56606e-12 2.67586e-10 3.69142e-11 4.65766e-11 2.67642e-07 7.89709e-01
2.20080e+04 2.16800e+02 1.32902e-05 4.89492e-07 2.80000e-04 2.10000e-01 4.10936e-08 1.65384e-08 6.41379e-12 1.48284e-10 1.46178e-11 3.13188e-11 2.68996e-07 7.89706e-01
2.82433e+04 2.27249e+02 4.93611e-05 4.90323e-07 2.80000e-04 2.10000e-01 3.24643e-08 1.81600e-08 1.26131e-11 1.29591e-10 1.19095e-11 2.44612e-11 2.69223e-07 7.89670e-01
3.62454e+04 2.38313e+02 1.75081e-04 4.90928e-07 2.80000e-04 2.10000e-01 2.68208e-08 2.01146e-08 2.20491e-11 1.20607e-10 9.53016e-12 1.96849e-11 2.69400e-07 7.89544e-01
4.65145e+04 2.49890e+02 5.82622e-04 4.91865e-07 2.80000e-04 2.10000e-01 2.08298e-08 2.33845e-08 3.71487e-11 1.08773e-10 8.06125e-12 1.54765e-11 2.69522e-07 7.89137e-01
5.96932e+04 2.62081e+02 1.82497e-03 4.93382e-07 2.80000e-04 2.10000e-01 1.46974e-08 2.87297e-08 5.75072e-11 8.79532e-11 6.58349e-12 1.22963e-11 2.69600e-07 7.87894e-01
7.66058e+04 2.74822e+02 5.35180e-03 4.95820e-07 2.80000e-04 2.10000e-01 9.38182e-09 3.72040e-08 7.98816e-11 5.75858e-11 4.56205e-12 9.71894e-12 2.69700e-07 7.84367e-01
9.83100e+04 2.88100e+02 1.33100e-02 4.99600e-07 2.80000e-04 2.10000e-01 6.37300e-09 4.99300e-08 9.73700e-11 3.41000e-11 3.75800e-12 4.24000e-12 2.69800e-07 7.76409e-01
